-1-7—

81611166.,111611. XXXII. XLIX. -· 6111 6., 611111. L. 11. V. --
11 paraphrasi sempor 11661, 11 p. 67, 39; 11661116 16661. Ultima
syllaba 16116 11611 ox 11116611 vooom: 616661 ‚‹ 616661, 616611 mor·
por (Par. p. 187, 5), morior, 161611 (Ρ11. p. 281, 13) 6111611 161.Ι

’ i. 1 616 e: 11616,1611616,161111116,16161161,11161. Formas
11616611116611616 6116661 61666, inprimis librali: vihta p. 18, 25.
6666111 267, 11. 6111111 611 268, 3. angat 269,31.11611276, 26·
1161121121. (666 anglum 273, 25); 11161 273, 23. 66611166
275, 2211161116 296, 27. 1616116316. 61. North. 616611 111611.
(1166116111. 1-8. 61161. p. XXII.) 666. 61661166111161, 1161111166.
1711111. 1. p. 252. 6611116 quoquo 61616-8116116161 616 1
usurpant„ 16116 161 exemptum 161611611661666 1166166 Chartae 6111-
116, 6611111611, 161. 11616116 11 Coti. diplomatioo t. ΙΙ. p. 86. 661116,
1111611166 6111161611 1661111 6666616 61 11116116 61 611616 (1. 6.
611111) 616611 61 616 1116 6116661 61166 1111161111. Vll. 111161
1161166 . . . 11 11111116611116666116 11 116111611611 6161116
116 611 16 6661166 11 611 1116111161116 16161161161611111 rumas
61111 1111661 111 16 1116 61161. 116111666161111661, 161 666. Β. 616616-
61161616 6 6611616 1. 6. XV. 1616111616161616 6. (61616166. Η.; xxvltt.
61111. 61616. 6.11.; XXIX. 61166. 61666. 6. - Χ611166111666. 16161616
11.; L. 111.1616661616666.1111661666666. H. .

5. 16 (6) 6161, 166111 (61 6166161 insequens i: alimeotig.) 816 ’
61. N. 16611616 nihta3 6661666166, 66616161166; 1161, 61116, 616
1161, 61111.

6. 6 616 a: 616, sus (61. North. 611). 61. 1166611. 6116 (11).
816 616 611 161111611111 Chattis 1661111, o. 6. 11661111 Ethelherhti
16616 cantuariae, a⁰ 858.: ,666 6111 61111 16 1166116161111 6166166
66111 66 161611 66616166 66 6111161661 616 661 16111616.“ 111 11 66166
ejusdem chartae: ,,116 66111 616 111111 11166.“ 1161616 11. 65. 66.
61611661111661; 616 1616 616 116 116611116 161111116 (1161616
p. 109. 120), 11 666. 11616611. (66. 6111111), 11 1111161 16161616 66616, 61
1166616116 paraphrasi 111666 616 loois: 39, tlt. 72,,31. 89, 27. deprehendi.

7. 1616 a: maeoti, 616111, 6161166, 611, 6111111, 11161. 661.
55, 2o: 1111611611 1616. Coti. Rushw. 611661. 61. Ν6116. 611611. 61.
North. (Wani. 252.) gimaniios. 6161161 116 6166166. 6161166161 pa
6161116. 611616111166. 61611161. 6161166.

8. 1 solvitur 11 1, 61. 1, 373. (11 61661661161166111611116116-
ribusi: 1116, 1616, 616, 111661, 611611. 61. North. 611, 6161, husto,

2

 

